LAT, LONG, VALUE
18.984717, 84.47635, 0.0
14.014267, 78.00945, 0.0
14.689406, 79.351855, 0.0
13.597261, 79.93335, 0.0
13.987222, 78.750278, 0.0
17.110783, 80.610924, 0.0
17.685565, 83.094007, 0.75
16.1705, 80.2543, 0.0
18.975028, 84.579278, 0.15000000000000002
17.245774, 81.644661, 0.0
15.544475, 79.941207, 0.0
16.814211, 81.577598, 0.0
13.374444, 78.526667, 0.0
18.748245, 84.090004, 0.0
15.581836, 79.110329, 0.0
17.014349, 81.779854, 0.0
15.034167, 77.951111, 0.0
18.618796, 83.963457, 1.5
15.204176, 78.448532, 0.0
16.635833, 80.335278, 0.0
16.471085, 81.837845, 0.0
18.598, 83.186, 0.0
13.835967, 79.791054, 0.0
17.775721, 83.216148, 0.0
16.688936, 81.464963, 0.0
16.770922, 80.288132, 0.0
16.417162, 80.456162, 0.0
18.27795, 83.825797, 0.0
14.238, 79.655, 0.0
15.914167, 77.565833, 0.0
17.871111, 82.352222, 0.0
15.310167, 79.988783, 0.0
14.014217, 77.14345, 0.0
17.809667, 83.207137, 0.0
14.82765, 79.692314, 0.0
16.536854, 81.457458, 0.0
14.04535, 78.091917, 0.0
15.51956, 79.50931, 0.0
17.116944, 81.474167, 0.0
14.168507, 79.335007, 0.0
17.080014, 81.902512, 0.0
12.747127, 78.342914, 0.0
16.239239, 80.654854, 0.0
13.068056, 78.5275, 0.0
15.489583, 80.054061, 0.0
14.139, 79.957, 0.0
17.115508, 82.255066, 0.0
14.052433, 77.058483, 0.0
16.1742, 80.2759, 0.0
16.1013, 80.029033, 0.0
15.902778, 79.317778, 0.0
17.847322, 82.875801, 0.0
17.695904, 83.112146, 0.0
13.587494, 79.424683, 0.0
15.243973, 78.605385, 0.0
15.461562, 80.034858, 0.0
15.224, 78.525, 0.0
17.005113, 81.807932, 0.0
16.231346, 80.062582, 0.0
18.07941, 82.669924, 0.0
17.844776, 83.365575, 0.0
17.576944, 81.258889, 0.0
17.966834, 83.175962, 0.0
15.413482, 78.253258, 0.0
17.774306, 83.248016, 0.0
14.696869, 76.85465, 0.0
16.888611, 81.494167, 0.0
14.176217, 79.743729, 0.0
17.352452, 81.523586, 0.0
16.071427, 80.333489, 0.0
16.443056, 81.977222, 0.0
16.934517, 82.076973, 0.0
14.216688, 78.750961, 0.0
15.483056, 79.118333, 0.0
16.53663, 81.405848, 0.75
15.631389, 79.2675, 0.0
16.514529, 81.989212, 0.0
14.099083, 79.006867, 0.0
15.5026, 80.0537, 0.0
14.544167, 78.606667, 0.0
17.548611, 82.855, 0.0
14.686371, 78.394244, 0.0
16.5214, 80.633, 0.0
15.581643, 78.523788, 0.0
15.487152, 77.04985, 0.0
16.574444, 80.896389, 0.0
16.540225, 79.640517, 0.0
17.25, 81.67, 0.0
14.291, 77.365, 0.0
16.759376, 81.99852, 0.0
17.007485, 81.772158, 0.0
18.233547, 83.009438, 0.0
17.628122, 83.081654, 0.0
12.771667, 78.418567, 0.0
16.581128, 81.380074, 0.0
16.051944, 80.185, 0.0
16.738056, 82.18, 0.0
16.101461, 79.817367, 0.0
15.001467, 77.040783, 0.0
16.636525, 80.970484, 0.0
17.674619, 83.195925, 0.0
17.018611, 80.773611, 0.0
16.888056, 80.654722, 0.0
18.717, 83.500938, 0.0
14.468016, 78.814205, 0.0
15.967338, 80.60749, 0.0
15.488764, 77.693485, 0.0
18.008392, 83.083437, 0.0
14.851111, 77.910278, 0.0
14.705464, 77.731903, 0.0
16.758482, 81.165786, 0.0
14.45816, 78.446655, 0.0
14.855, 76.984, 0.0
15.213795, 79.90699, 0.0
16.1806, 80.2859, 0.0
16.810649, 81.265579, 0.15000000000000002
16.779444, 80.116944, 0.0
16.836746, 81.85234, 0.0
14.423866, 78.226525, 0.0
13.47202, 78.81115, 0.0
16.169245, 80.946144, 0.0
16.58156, 82.157417, 0.0
15.052145, 78.931675, 0.0
14.12755, 77.140533, 0.0
15.943611, 79.118333, 0.0
14.655278, 78.670278, 0.0
17.858582, 82.187386, 0.0
15.386389, 78.503611, 0.0
16.0069, 80.156417, 0.0
16.369991, 81.274589, 0.0
15.926, 77.199, 0.0
17.005833, 81.874167, 0.0
15.263, 77.698, 0.0
15.117222, 79.018889, 0.0
17.068333, 81.818889, 0.0
18.718167, 84.042567, 0.0
17.304222, 82.565002, 0.0
16.8957, 80.0958, 0.0
17.677542, 82.472207, 0.0
16.76595, 81.837158, 0.0
15.777137, 77.808212, 0.0
14.604444, 77.471944, 0.0
13.217282, 78.731204, 0.0
16.495985, 80.98766, 0.0
14.854167, 77.376944, 0.0
13.361655, 78.569244, 0.0
17.018333, 81.100833, 0.0
13.548688, 79.399579, 0.0
14.753056, 76.839722, 0.0
13.693141, 79.593695, 0.0
16.000034, 80.026878, 0.0
14.599561, 78.670608, 0.0
18.970653, 84.586465, 0.0
16.9595, 80.6497, 0.0
18.313825, 83.25417, 0.0
15.624, 79.694, 0.0
16.369892, 80.838285, 0.0
17.205556, 81.513889, 0.0
17.192052, 82.352636, 0.0
16.5369, 80.6597, 0.0
15.686, 77.901, 0.0
17.604323, 83.188145, 0.5
14.674087, 77.603775, 0.0
17.76858, 83.342655, 0.0
16.81793, 80.398491, 0.0
17.198056, 80.962222, 0.0
14.682662, 80.057213, 0.0
15.4912, 80.03678, 0.0
15.947367, 80.704817, 0.0
16.181286, 80.449913, 0.0
15.799552, 79.83844, 0.0
17.746974, 81.407033, 0.0
14.752924, 78.550353, 0.0
13.429749, 79.321381, 0.0
16.843472, 82.158287, 0.0
16.3534, 79.4428, 0.0
16.49165, 80.009072, 0.0
17.035, 81.481667, 0.0
15.739182, 79.273338, 0.0
18.078704, 83.458331, 0.0
18.907284, 83.815185, 0.0
14.118717, 77.05815, 0.0
15.44728, 78.91312, 0.0
13.763, 77.587, 0.0
15.460556, 80.038993, 0.0
17.198355, 82.183189, 0.0
15.693, 80.174, 0.0
13.44, 78.63, 0.0
14.264788, 78.496979, 0.0
17.736389, 82.893889, 0.0
15.998959, 79.455673, 0.0
17.007927, 82.260328, 0.0
18.233556, 83.702874, 0.0
14.985029, 77.828441, 0.0
16.584688, 81.388628, 0.0
13.571036, 78.670753, 0.0
16.253304, 80.122185, 0.0
17.667605, 82.612434, 0.0
17.688513, 83.034662, 0.0
13.968056, 77.034444, 0.0
15.909, 78.457, 0.0
15.549083, 80.148283, 0.0
16.133611, 80.836389, 0.0
15.069133, 78.003017, 0.0
16.181744, 80.335335, 0.0
14.616389, 78.779167, 0.0
15.246944, 78.150833, 0.0
17.552667, 83.107017, 0.0
16.968523, 81.803375, 0.0
16.116817, 79.1491, 0.0
13.155916, 79.105839, 0.0
17.815209, 83.214447, 0.0
15.713652, 77.995766, 0.0
14.412222, 80.135278, 0.0
15.114517, 78.083783, 0.0
18.101111, 83.201667, 0.0
14.71151, 77.811737, 0.0
17.864, 83.268, 0.0
12.660839, 78.405235, 0.0
16.5525, 80.845278, 0.0
18.456667, 84.118056, 0.0
18.238, 83.145, 0.0
16.424978, 79.541893, 0.0
15.888056, 79.257778, 0.0
13.722222, 79.780556, 0.0
16.710661, 81.105263, 0.0
15.026283, 77.390459, 0.0
14.066667, 78.050833, 0.0
16.554834, 79.63488, 0.0
14.342937, 80.062927, 0.13333333333333333
13.66959, 79.047279, 0.0
13.822509, 79.585602, 0.0
14.853083, 78.109867, 0.25
13.161742, 79.039594, 0.0
14.1088, 77.06795, 0.0
15.909937, 79.096207, 0.0
18.331386, 84.055594, 0.0
16.183061, 81.138664, 0.0
16.302419, 80.437619, 0.0
15.796667, 78.391667, 0.0
16.94, 80.275556, 0.0
14.051944, 77.958333, 0.0
18.516966, 83.207224, 0.0
16.34797, 80.782312, 0.0
15.707778, 79.663056, 0.0
16.90043, 80.251991, 0.0
15.476652, 79.369476, 0.0
13.331111, 78.726389, 0.0
18.188283, 83.773283, 0.0
17.70179, 83.293717, 0.25
15.550208, 80.058444, 0.0
14.476246, 78.830222, 0.0
14.088956, 78.329308, 0.16666666666666666
14.101861, 79.554672, 0.0
16.5102, 80.6114, 0.0
17.101389, 82.233611, 0.0
13.24879, 79.118291, 0.0
17.313578, 82.365371, 0.0
17.677947, 83.020536, 0.0
16.701389, 81.495556, 0.0
17.130341, 81.428904, 0.0
14.867, 78.285, 0.0
15.004722, 77.728056, 0.0
18.669481, 83.951019, 0.0
14.031217, 77.135867, 0.0
16.428539, 79.72361, 0.0
14.420278, 78.151111, 0.0
14.923719, 77.601349, 0.0
17.035556, 81.328056, 0.0
13.369965, 79.197937, 1.25
18.777371, 83.882675, 0.0
17.816532, 83.338156, 0.0
13.424, 79.582061, 0.0
18.118303, 83.411988, 2.5
15.643645, 77.972839, 0.0
15.248331, 77.418945, 0.0
12.90489, 78.49347, 0.25
16.214932, 81.084316, 0.0
16.981389, 80.916111, 0.0
16.618366, 80.544601, 0.0
14.439809, 78.857723, 0.0
17.769077, 83.282829, 0.0
17.151075, 82.067676, 0.0
17.771551, 83.216374, 0.0
15.374167, 77.625278, 0.0
14.270848, 77.631424, 0.0
14.75, 78.454, 0.0
13.998685, 80.066994, 0.0
16.4979, 81.907296, 0.0
16.952303, 80.221802, 0.0
14.841667, 77.533056, 0.0
18.305639, 84.044742, 0.0
15.892778, 78.967222, 0.0
14.630533, 78.6862, 0.0
16.796909, 82.170147, 0.0
18.431, 83.579, 0.0
14.558408, 79.054932, 0.0
17.148683, 82.1253, 0.0
15.3767, 80.04255, 0.0
15.879722, 77.700278, 0.0
14.017983, 78.505074, 0.0
17.865556, 82.794444, 0.0
17.135947, 81.959899, 0.0
14.0154, 78.013783, 0.0
15.817285, 78.040332, 0.0
14.631944, 77.285278, 0.0
16.683792, 80.389465, 0.0
14.943481, 77.498055, 0.0
13.694281, 80.017563, 0.0
17.68908, 83.059185, 0.0
17.170022, 81.824814, 0.0
14.003733, 77.013233, 0.0
17.244989, 82.481919, 0.0
14.33216, 79.855003, 0.0
18.082498, 83.539845, 0.0
14.499068, 79.985664, 0.0
14.478258, 78.481905, 0.0
15.881932, 78.588044, 0.0
13.944572, 80.064819, 0.0
17.704544, 83.155896, 0.0
15.476149, 78.485777, 0.0
15.861, 79.798, 0.0
14.183521, 77.771751, 0.0
15.313554, 77.546178, 0.0
15.841111, 79.400556, 0.0
17.286221, 82.105515, 0.0
14.765, 76.997, 0.0
16.984822, 80.65572, 0.0
14.053033, 77.0066, 0.0
17.683211, 83.242829, 0.25
17.011473, 81.777913, 0.0
17.692256, 83.002573, 0.0
16.012633, 79.144533, 0.0
13.195278, 79.005, 0.75
13.262898, 79.012993, 0.0
17.988837, 82.979705, 0.0
18.245833, 83.7725, 0.0
16.188848, 80.270112, 0.0
15.929083, 80.605517, 0.0
18.984717, 84.47635, 0.0
14.409317, 79.948229, 0.0
15.02455, 77.1372, 0.0
15.771944, 79.920833, 0.0
16.1756, 80.1715, 0.0
17.551, 83.107017, 0.0
17.690167, 83.202296, 0.25
13.879, 79.654, 0.0
13.32085, 79.542483, 0.0
15.945, 79.515, 0.0
17.544674, 82.23568, 0.0
17.639741, 82.233771, 0.0
17.119058, 81.666787, 0.0
14.908056, 79.575833, 0.0
14.291389, 79.974444, 0.25
14.270833, 77.631389, 0.0
18.829845, 83.548767, 0.0
14.019, 79.632, 0.0
17.757162, 83.176165, 0.0
16.641153, 82.106842, 0.0
18.53482, 84.20027, 0.0
17.650833, 82.606944, 0.0
13.703363, 79.134651, 0.0
18.698106, 84.448235, 0.0
15.382778, 79.033333, 0.0
16.349319, 79.366387, 0.0
17.121733, 81.29905, 0.0
14.085, 78.556389, 0.15000000000000002
14.573671, 79.972565, 0.0
17.16629, 81.82872, 0.0
15.477222, 78.485833, 0.0
17.80527, 83.352699, 2.5
17.745697, 83.322382, 0.0
14.258611, 77.588889, 0.0
15.904571, 79.580177, 0.0
17.102222, 81.068611, 0.0
16.954167, 82.231278, 0.0
14.067222, 77.599444, 0.0
18.404167, 83.631667, 0.0
15.150833, 78.205278, 0.0
14.476904, 78.83601, 0.0
15.573333, 79.150556, 0.0
14.54, 79.31, 0.0
17.726631, 83.302847, 0.0
14.127033, 79.018183, 0.0
14.031324, 79.290176, 0.0
16.0184, 79.161133, 0.0
13.122633, 79.119826, 0.0
16.474245, 81.842842, 0.0
14.139133, 77.14245, 0.0
14.833611, 79.776667, 0.0
15.78937, 80.307014, 0.0
14.427832, 79.973409, 0.0
14.101389, 79.134444, 0.0
17.763766, 83.226705, 0.25
14.107, 80.096, 0.0
17.11825, 82.344733, 0.13333333333333333
13.584654, 79.315476, 0.0
14.591111, 77.965, 0.0
15.849687, 77.482434, 0.0
17.564953, 82.489953, 0.0
13.376643, 79.699702, 0.0
16.0606, 79.4846, 0.0
18.528903, 83.799188, 0.0
18.098267, 83.651683, 0.0
13.878837, 79.880485, 0.0
18.110715, 83.171203, 0.0
13.9, 77.625, 0.0
15.743197, 77.354959, 0.0
14.375278, 77.757222, 0.0
17.685361, 83.153711, 0.0
15.831354, 77.096206, 0.0
13.218448, 79.091235, 0.0
13.307222, 79.253056, 0.0
13.983047, 77.159538, 0.0
18.340972, 83.293642, 0.0
17.88746, 83.04179, 0.0
13.695284, 78.700073, 0.0
15.403, 77.111, 0.0
14.508368, 78.792273, 0.0
15.007517, 77.030733, 0.0
14.043717, 77.150417, 0.0
13.586291, 80.034554, 0.0
13.975372, 77.104386, 0.0
18.707983, 84.4084, 0.0
15.281, 78.883, 0.0
16.893203, 80.9934, 0.0
14.846067, 79.990917, 13.5
14.851768, 79.40625, 0.0
15.509415, 80.04076, 0.0
15.315, 79.397, 0.0
14.593611, 78.397222, 0.0
14.927368, 77.864418, 0.0
16.158712, 79.429603, 0.0
18.272, 83.645, 0.0
16.585915, 81.546257, 0.0
14.348418, 77.99498, 0.0
16.99161, 81.776607, 0.0
13.814298, 78.26902, 0.0
15.505903, 80.0316, 0.0
17.760694, 83.354857, 0.0
14.101667, 78.168611, 0.0
14.772, 79.785, 0.0
16.601183, 81.809067, 0.0
15.83452, 78.022697, 0.0
18.6625, 83.441111, 0.0
13.744444, 79.982778, 0.0
15.49299, 80.045505, 0.0
16.012778, 80.532778, 0.0
15.885278, 77.116667, 0.0
17.248746, 82.45588, 0.0
13.930556, 77.101667, 0.0
17.066255, 80.982636, 0.0
16.637833, 80.596033, 0.0
14.638666, 78.534462, 0.0
16.580955, 80.686142, 0.0
15.1246, 77.140083, 0.0
13.226341, 79.124032, 0.0
15.499507, 80.051194, 0.0
14.005067, 77.026483, 0.0
15.524478, 80.040519, 0.75
13.540681, 78.904527, 0.0
14.072817, 77.112233, 0.0
15.052933, 77.193617, 0.0
15.433889, 78.326667, 0.0
13.807918, 78.903031, 0.0
14.75, 78.102222, 0.0
17.625556, 82.884722, 0.0
13.195084, 78.899124, 0.0
17.76701, 83.208841, 0.0
15.501458, 80.041252, 0.0
16.798333, 81.890556, 0.0
18.573213, 83.358343, 0.0
18.635833, 83.677222, 0.0
14.913889, 77.693889, 0.0
14.848056, 77.255556, 1.0
15.772614, 78.037511, 0.0
14.159967, 78.117917, 0.0
17.097023, 81.15654, 0.0
17.151601, 82.283718, 0.0
17.085617, 81.752617, 0.75
17.01451, 81.732924, 0.0
15.88474, 79.24699, 0.0
14.557106, 76.977722, 0.0
14.275, 78.197778, 0.0
16.1845, 80.2505, 0.0
15.01675, 79.13725, 0.0
14.766258, 77.997787, 0.0
16.648254, 81.78241, 0.13333333333333333
18.211621, 83.467529, 0.0
15.557362, 77.830545, 0.0
15.518126, 78.347761, 0.0
15.108068, 78.942093, 0.0
13.641618, 79.501871, 0.0
13.928, 79.815, 0.0
15.926719, 79.7417, 0.0
14.003, 79.751, 0.0
13.421988, 79.452568, 0.0
14.883171, 79.91185, 0.0
15.8285, 78.13245, 0.0
14.913333, 79.993611, 0.25
14.817778, 78.777222, 0.0
17.17871, 81.61475, 0.0
16.814725, 81.52747, 0.0
16.95, 80.051111, 0.0
14.569052, 78.724968, 0.0
17.753813, 83.217123, 0.0
14.0044, 77.028967, 0.0
16.469288, 80.258705, 0.0
16.903207, 82.000929, 0.0
14.991869, 79.682317, 0.0
16.488056, 79.333889, 0.0
14.449056, 78.660004, 0.0
14.455165, 78.829187, 0.0
16.004517, 80.000267, 0.0
16.052798, 80.39978, 0.0
16.770351, 81.934349, 0.0
15.096375, 79.413269, 0.0
17.562183, 82.981468, 0.0
15.498194, 80.065277, 0.0
16.1018, 80.1108, 0.0
15.032683, 77.00045, 0.0
13.805, 80.025, 0.0
15.813611, 78.184444, 0.0
13.98087, 78.916801, 2.75
14.586389, 79.514444, 0.0
14.794916, 77.783906, 0.0
14.054383, 77.074467, 0.0
18.474773, 83.10987, 0.0
17.705426, 83.156957, 0.0
16.926533, 81.7114, 0.0
13.133333, 78.595833, 0.0
13.746944, 79.000833, 0.0
17.052889, 80.921111, 0.0
15.333265, 77.157709, 0.0
15.005967, 78.108367, 0.0
16.177423, 80.740578, 0.0
14.72418, 78.733498, 0.0
16.687908, 81.60762, 0.0
15.402222, 78.175278, 0.0
15.654722, 80.068611, 0.0
13.958964, 79.581123, 0.0
16.594201, 81.945564, 0.0
15.469711, 78.627914, 0.0
13.211903, 79.102898, 0.0
14.526471, 79.554419, 0.25
15.739182, 79.273338, 0.0
14.290584, 77.0373, 0.0
17.7541, 83.341852, 0.5
14.171042, 79.330899, 0.0
14.14535, 77.039933, 0.0
16.175481, 80.956714, 0.0
17.482777, 82.489987, 0.0
14.533056, 78.474444, 2.0
17.003162, 81.782045, 0.0
15.134655, 78.515135, 0.0
17.60413, 83.154145, 0.0
13.320971, 79.591851, 0.0
17.69509, 83.164425, 0.0
16.327048, 80.630136, 0.0
17.754751, 83.33806, 0.0
18.852535, 84.509361, 0.0
15.277778, 80.068333, 0.0
16.817269, 81.405854, 0.0
15.47744, 77.651901, 0.0
14.393459, 79.94121, 0.5
14.002383, 77.166617, 0.0
18.6925, 83.815833, 0.0
17.608554, 82.876166, 0.0
18.025287, 83.159141, 0.0
14.433031, 78.791511, 0.75
14.844366, 78.3843, 0.0
15.358333, 78.208333, 0.0
16.752286, 81.69083, 0.0
14.111667, 78.008833, 0.0
13.336733, 79.869233, 0.0
18.156612, 83.448198, 0.0
17.762813, 83.299833, 0.0
15.8775, 77.941389, 0.0
14.478333, 80.150833, 0.0
15.015894, 78.450432, 0.0
14.543265, 79.883919, 0.0
17.792175, 83.125653, 0.0
14.063, 78.246, 0.0
14.448, 79.824, 0.0
14.92, 78.634722, 0.0
14.023933, 77.15105, 0.0
13.67711, 79.783425, 0.0
16.905582, 81.673591, 0.0
15.132147, 78.51257, 0.0
17.717957, 83.202958, 0.0
15.272009, 79.801308, 0.0
14.698254, 79.348885, 0.0
17.74693, 83.315, 0.0
17.725336, 83.188292, 0.0
18.383468, 83.335543, 0.0
18.05263, 83.262955, 0.0
14.035906, 77.508743, 0.0
16.375679, 81.367309, 0.0
15.738334, 79.883209, 0.0
15.724444, 77.392222, 0.0
15.484446, 80.085105, 0.0
14.023139, 78.001793, 0.0
14.10415, 77.04145, 0.0
13.650369, 78.482918, 0.0
13.875833, 79.589167, 0.0
18.770274, 84.41245, 0.0
15.276037, 79.569038, 0.0
13.9438, 79.91125, 0.0
16.229214, 79.776474, 0.0
18.772373, 84.174873, 0.0
15.549444, 80.05, 0.0
17.655646, 82.216243, 0.0
16.432094, 81.003212, 0.0
16.021925, 80.846328, 0.0
14.156331, 78.858933, 0.0
15.471245, 78.62411, 0.0
17.693122, 83.014012, 0.0
18.036233, 83.546517, 0.0
15.16265, 78.10765, 0.0
16.229, 80.405, 0.0
14.469669, 80.085169, 0.0
13.65646, 78.265625, 0.0
16.064, 80.327217, 0.0
16.355934, 80.5336, 0.0
16.278056, 81.018056, 0.0
13.897, 78.107, 0.0
14.511555, 79.413551, 0.0
15.405278, 77.402222, 0.0
15.477222, 77.118889, 0.0
17.374842, 82.371605, 0.0
15.313209, 79.988815, 0.0
16.818056, 82.001389, 0.0
14.667778, 77.909722, 0.0
14.61606, 79.628059, 0.0
17.871153, 82.35225, 0.0
16.913163, 81.810379, 0.0
14.712793, 77.13916, 0.0
16.537439, 81.522217, 0.0
14.117222, 77.697222, 0.0
16.351379, 81.050133, 0.0
13.7619, 78.150277, 0.0
13.926914, 78.537583, 0.0
13.402667, 79.63726, 0.0
15.470233, 77.00165, 2.5
15.474109, 77.388611, 0.0
14.971, 79.787, 0.0
14.266038, 79.120346, 0.0
16.552877, 81.208641, 0.0
14.852952, 78.333825, 0.0
18.073783, 83.476798, 5.0
18.032253, 83.498886, 0.0
15.511424, 80.093261, 0.0
16.64336, 81.037274, 0.0
14.468354, 78.824778, 0.0
16.54179, 80.801346, 0.0
14.92911, 78.22734, 0.0
17.0552, 82.130583, 0.0
13.640724, 79.513079, 0.0
14.812589, 77.96677, 0.0
14.395782, 79.028053, 0.0
14.633611, 77.796944, 0.0
14.447778, 79.980556, 0.0
16.36252, 81.772652, 0.0
16.547012, 80.482548, 0.0
13.940537, 78.681023, 0.0
17.1, 80.911111, 0.0
15.406474, 79.505692, 0.0
18.621015, 83.940396, 0.0
17.824166, 83.203407, 2.5
18.772787, 84.409418, 0.0
16.479013, 79.887444, 0.0
18.006013, 83.544169, 0.0
14.050556, 78.6425, 0.0
15.100904, 78.395599, 0.0
15.167232, 80.00618, 0.0
17.74867, 83.248967, 0.0
15.822996, 77.590717, 0.0
17.7198, 83.3063, 0.0
18.603163, 83.7538, 0.0
14.674087, 77.603775, 0.0
14.47, 79.885, 0.0
18.227438, 83.729034, 0.0
15.719177, 80.028457, 0.0
16.4852, 80.6666, 0.0
17.481944, 82.738889, 0.0
16.376764, 79.943359, 0.0
15.741, 79.727, 0.0
18.312356, 83.569909, 0.0
15.753785, 80.035484, 0.0
15.496388, 80.010864, 0.0
17.809193, 83.35984, 0.0
15.600556, 77.320833, 0.0
17.084167, 82.118056, 0.0
16.719678, 80.635833, 0.0
14.803138, 77.082176, 0.0
15.620567, 78.200417, 0.0
16.00425, 80.812883, 0.25
13.450833, 79.034722, 0.0
14.308798, 79.64065, 0.0
15.576, 77.15, 0.0
17.017778, 80.556111, 0.0
16.0716, 79.043933, 0.0
18.330033, 83.880267, 0.0
18.482797, 83.329596, 0.0
16.945983, 82.061717, 0.0
17.360875, 82.554543, 0.0
15.648926, 79.562354, 0.0
14.444167, 78.702778, 0.0
17.665233, 82.967445, 0.0
16.586541, 80.368754, 0.0
15.88334, 80.317612, 0.0
15.984382, 80.637932, 0.0
17.687855, 83.103431, 0.0
16.808336, 81.107933, 0.0
15.811467, 78.0277, 0.0
15.231534, 78.320252, 0.0
17.962727, 83.350225, 0.0
15.639344, 80.114258, 2.5
15.812621, 79.972313, 0.0
14.028338, 80.029694, 0.0
19.123142, 83.634003, 0.0
17.682222, 83.013889, 0.0
15.825833, 80.355102, 0.0
18.518854, 84.163132, 0.0
12.792109, 78.28067, 0.0
17.304222, 82.565002, 0.0
16.5021, 80.6257, 0.0
13.699223, 79.851418, 0.0
15.38, 79.232222, 0.0
17.355757, 82.544846, 0.0
15.185278, 80.052222, 0.0
14.100733, 79.014033, 0.0
17.054051, 82.172509, 0.0
13.234672, 79.101835, 0.0
18.875, 84.466667, 0.75
14.192234, 79.164673, 0.0
15.267805, 79.002052, 0.0
14.410279, 79.931801, 0.0
15.739167, 80.069167, 0.0
15.068, 79.517, 0.0
15.05637, 77.184462, 0.0
14.066944, 79.794167, 0.0
17.685787, 83.213936, 0.0
13.283914, 79.350616, 0.0
15.551007, 77.930885, 0.0
16.5007, 80.6515, 0.0
15.630107, 77.670509, 0.0
14.217998, 78.752289, 0.0
17.715072, 82.667983, 0.0
17.768568, 83.216838, 0.0
14.466871, 78.966545, 0.0
13.133889, 78.675278, 0.0
14.461433, 78.827528, 0.0
15.839591, 78.493595, 0.0
15.133611, 78.587222, 0.0
17.782558, 83.201122, 0.0
15.169, 78.041, 0.0
15.816111, 80.105316, 0.0
15.715578, 77.595207, 0.0
13.676667, 78.415, 0.0
17.903521, 83.369014, 0.0
15.76761, 78.290497, 0.0
16.767533, 81.88725, 0.0
17.170301, 82.061431, 0.0
18.30505, 83.886233, 0.0
14.139, 79.681, 0.0
17.015833, 80.434444, 0.0
16.826245, 80.935951, 0.0
16.891667, 81.861111, 0.0
17.584391, 83.139763, 0.0
15.544, 79.78, 0.0
13.706944, 78.5075, 0.0
13.582222, 79.288056, 0.0
15.455972, 78.963821, 0.0
16.587076, 81.755196, 0.0
16.325001, 80.962188, 0.25
16.790078, 80.845304, 0.0
14.668844, 79.936157, 0.0
15.489474, 80.030487, 0.0
13.223562, 79.095687, 0.0
17.707844, 83.166308, 0.0
15.747, 80.131, 0.0
16.232778, 80.774444, 0.0
16.118333, 80.891944, 0.0
15.822835, 80.35112, 0.0
16.943611, 81.067222, 0.0
14.857, 78.88, 0.0
15.04315, 78.063583, 0.0
15.699, 79.48, 0.0
15.064567, 78.097767, 0.0
16.2205, 80.0846, 0.0
17.685221, 83.203805, 0.0
13.971, 77.677, 0.0
16.388883, 81.398633, 0.0
16.780737, 81.528958, 0.0
18.692697, 83.815818, 0.0
17.134167, 81.708056, 0.0
15.181667, 77.776111, 0.0
14.125, 77.625, 0.0
17.698128, 83.210915, 0.0
15.539583, 80.068229, 0.0
14.11, 77.556, 0.0
14.08735, 79.002983, 0.0
16.4657, 80.7167, 0.0
17.604323, 83.188145, 0.0
16.367068, 80.43739, 0.0
13.1525, 79.151389, 0.0
14.445556, 78.068056, 0.0
16.553032, 79.552727, 0.0
14.640278, 77.203889, 0.0
17.761634, 83.342795, 0.0
14.366823, 78.323013, 0.0
16.002915, 80.727669, 0.0
13.443777, 79.556068, 0.0
13.555556, 78.775, 0.0
15.166, 77.265, 0.0
16.197741, 80.527595, 0.0
14.0535, 77.09375, 0.0
17.214167, 82.116667, 0.0
14.183735, 78.701813, 0.0
14.000733, 78.012567, 0.0
17.09605, 82.13705, 0.0
15.541874, 80.057884, 0.0
14.833613, 79.581108, 0.0
14.561723, 77.861275, 0.0
13.728357, 78.353531, 0.0
14.139834, 77.98404, 0.0
15.235556, 77.948056, 0.0
16.591522, 79.718498, 0.0
16.932432, 81.958816, 0.0
14.878916, 79.301052, 0.0
18.49387, 83.375909, 0.0
14.013, 79.544, 0.0
14.128742, 76.981773, 0.0
16.101, 79.503, 0.0
17.560388, 82.976483, 0.0
13.968485, 79.663116, 0.0
18.414312, 84.045407, 2.5
17.818512, 83.357936, 0.0
14.054883, 77.014433, 0.0
13.237183, 79.088058, 0.0
16.102884, 80.784057, 0.0
18.508226, 84.041031, 0.0
16.041, 79.564, 0.0
14.994, 77.962, 0.0
14.12865, 77.004017, 0.0
16.01869, 80.917259, 0.0
14.265, 78.304444, 0.0
14.56431, 80.000629, 0.0
16.54179, 80.801346, 0.0
14.44367, 77.528808, 0.0
15.930278, 80.845, 0.0
14.251389, 78.051667, 0.5
15.968507, 80.275742, 0.0
14.085017, 78.0504, 0.0
16.643795, 81.65168, 0.0
14.955278, 78.4125, 0.0
17.62369, 82.154682, 0.0
13.804853, 77.612335, 0.0
17.035952, 81.82064, 0.0
15.321238, 78.533843, 0.0
13.750494, 79.701523, 0.0
15.772278, 77.139725, 0.0
17.76786, 83.231159, 0.0
13.747106, 79.711268, 0.0
17.425625, 82.76347, 0.0
14.239438, 78.259323, 0.0
15.948734, 80.918487, 0.0
17.035278, 82.101111, 0.0
18.134722, 83.634444, 0.0
15.91574, 80.477783, 0.25
12.974167, 78.5575, 0.0
14.891729, 77.611284, 0.0
18.979392, 84.585145, 0.15000000000000002
13.98178, 78.185379, 0.0
15.946847, 78.54673, 0.0
15.037417, 77.1503, 0.0
16.655698, 81.744465, 0.0
14.032767, 78.150383, 0.0
14.9425, 78.893889, 0.0
13.644444, 78.566667, 0.0
15.54793, 79.101463, 0.0
18.53961, 83.928749, 0.0
15.28641, 77.498331, 0.0
18.375109, 83.684982, 0.0
15.0748, 78.127717, 0.0
13.279444, 78.957222, 0.0
15.312, 78.965, 0.0
14.008267, 78.00465, 0.0
17.688821, 83.125794, 0.0
17.083889, 81.598889, 0.0
14.494407, 78.118103, 0.0
17.197651, 82.181404, 0.0
14.457778, 78.325833, 0.0
16.5212, 80.667355, 0.0
15.552255, 80.18412, 0.0
15.768, 79.564, 0.0
15.495265, 80.049894, 0.0
17.570231, 83.144448, 0.0
15.751111, 79.393056, 0.0
15.351, 79.531, 0.0
16.504064, 81.301254, 0.25
16.921458, 81.794426, 0.0
16.955556, 80.721389, 0.0
13.237398, 79.118798, 0.0
13.091019, 78.613174, 0.0
16.704444, 80.933056, 0.0
16.008889, 79.226111, 0.0
14.650166, 78.770462, 0.0
14.907881, 78.009231, 0.0
17.257539, 81.85205, 0.0
16.037433, 80.010933, 0.0
14.135617, 78.159767, 0.0
14.418, 79.659, 0.0
14.064899, 79.686195, 0.0
14.682493, 76.886909, 0.0
13.873889, 77.383611, 0.0
16.584677, 81.461318, 0.0
18.192222, 83.117222, 0.0
14.797829, 77.721165, 0.0
14.073883, 77.017717, 0.0
15.68152, 77.772812, 0.0
18.78749, 83.601, 0.0
14.942778, 77.594444, 0.25
13.712412, 78.208786, 0.0
13.267402, 79.698624, 0.0
17.885909, 83.04494, 0.0
18.520469, 83.730356, 0.0
14.094683, 78.085583, 0.0
14.663741, 79.762497, 0.0
17.222889, 81.1978, 0.0
16.311, 80.28, 0.0
14.481967, 78.820303, 0.0
17.805176, 83.205572, 0.0
15.950663, 77.28871, 0.0
14.467967, 79.988233, 0.0
16.3825, 79.468611, 0.0
16.048333, 79.1352, 0.0
15.722778, 78.2275, 0.0
17.527801, 81.264107, 0.0
15.917, 79.812, 0.0
15.081557, 79.520751, 0.0
15.995051, 80.174187, 0.0
16.016667, 79.823889, 0.0
14.155, 79.165, 0.0
14.943333, 78.312222, 0.0
15.198283, 79.996483, 0.0
17.91492, 82.81529, 0.0
17.717652, 83.285772, 0.0
18.286766, 82.792892, 0.0
14.733341, 78.916817, 0.0
15.6618, 79.35322, 0.0
18.977099, 83.66011, 0.0
14.986456, 79.68034, 0.0
15.655221, 79.213615, 0.0
14.674722, 79.831111, 0.0
16.956957, 82.237512, 0.75
13.977949, 79.899797, 0.0
16.255911, 81.14534, 0.0
18.322379, 82.88086, 0.0
18.315, 83.002, 0.0
17.117222, 81.864444, 0.0
15.476267, 78.485848, 0.0
16.00565, 80.153467, 0.0
14.514755, 78.22554, 0.0
15.506667, 77.8125, 0.0
14.628333, 78.118056, 0.0
14.77884, 78.190765, 0.0
16.679076, 80.782997, 0.0
13.197491, 78.74131, 0.0
16.45, 80.862, 0.0
16.43425, 81.703826, 0.0
17.010833, 81.980278, 0.0
15.075034, 79.903183, 1.75
16.081251, 78.914907, 0.0
17.793753, 82.804901, 0.0
18.118611, 83.435833, 0.0
17.479075, 82.026138, 0.0
15.934758, 78.342407, 0.0
18.294046, 83.542055, 0.0
14.267778, 77.975278, 0.0
17.692259, 83.002573, 0.0
16.43, 80.99, 0.0
13.384857, 78.986481, 0.0
14.151917, 77.165733, 0.0
14.592778, 76.913611, 0.0
14.535635, 78.196461, 0.0
14.840376, 78.655632, 0.0
13.851944, 78.203056, 0.5
16.289606, 80.263794, 0.0
17.744749, 83.299625, 0.0
13.822541, 78.44836, 0.0
16.655698, 81.744465, 0.0
17.70884, 83.160327, 0.0
13.53205, 79.73996, 0.0
14.291, 77.0455, 0.0
17.808734, 83.218536, 0.0
14.0077, 77.001733, 0.0
13.309977, 79.356427, 0.0
16.411762, 81.609024, 0.0
15.0398, 78.1268, 0.0
14.000278, 77.435, 0.0
17.075621, 82.138763, 0.0
17.2153, 81.635483, 0.0
14.023317, 78.01375, 0.0
16.770922, 80.288132, 0.0
16.409984, 81.807381, 0.0
17.598238, 81.715447, 0.0
13.434834, 79.959343, 0.0
15.951111, 80.752778, 0.0
15.700833, 77.221944, 0.0
18.062618, 83.526719, 0.0
17.781073, 83.267658, 0.0
13.38, 79.278333, 0.0
15.004, 79.872, 0.0
15.002983, 78.05815, 0.0
14.127433, 77.078533, 0.0
15.321, 79.74, 0.0
16.021583, 80.041183, 0.0
15.11, 79.134444, 0.0
17.853056, 83.386944, 0.0
17.783515, 83.381755, 0.25
17.679287, 83.178107, 0.0
14.943892, 77.26117, 0.0
16.715249, 81.896225, 0.0
13.938333, 77.560278, 0.0
14.360545, 78.461808, 0.0
14.464384, 78.861375, 0.0
15.051582, 77.819138, 0.0
15.034283, 77.438217, 0.0
13.297678, 78.685043, 0.0
16.756389, 82.083333, 0.0
18.110167, 83.14582, 0.0
17.837836, 83.362645, 0.0
15.770938, 77.485313, 0.0
17.628364, 83.078673, 0.0
16.410532, 81.7482, 0.0
15.488393, 78.970115, 0.0
15.0191, 77.152167, 0.0
14.45, 78.813611, 0.0
17.737585, 83.312958, 0.0
16.479988, 81.783264, 0.0
16.039028, 79.300598, 0.0
16.2032, 80.2631, 0.0
17.210524, 81.130944, 0.0
16.539663, 80.579758, 0.0
15.162823, 77.373856, 0.0
17.7426, 83.3357, 0.0
14.320278, 79.085, 0.0
13.307083, 79.121117, 0.0
16.518283, 81.727223, 0.0
15.115433, 77.392267, 0.0
13.293611, 78.611111, 0.0
13.000217, 78.487755, 0.0
15.475902, 80.014305, 0.0
17.6125, 81.283889, 0.0
14.845067, 78.383357, 0.0
13.653357, 78.937813, 0.0
14.583282, 79.750931, 0.0
17.69124, 83.046644, 0.0
17.677517, 81.960129, 0.0
15.376, 79.638, 0.0
17.031093, 81.556915, 0.0
14.34416, 77.234558, 0.0
18.655432, 83.377575, 0.0
18.971857, 83.654798, 0.0
18.322379, 82.88086, 0.0
15.033611, 78.599722, 0.0
13.430556, 78.409444, 0.0
17.945504, 83.182646, 0.0
17.686233, 82.996693, 0.0
14.500278, 79.318056, 0.0
16.118056, 79.391667, 0.0
17.241944, 82.333889, 0.0
15.34165, 79.347077, 0.0
16.552, 80.6597, 0.0
14.165017, 77.012367, 0.0
14.44814, 79.981901, 0.0
16.1856, 80.2639, 0.0
17.714868, 83.323934, 0.0
14.085211, 77.596142, 0.0
13.540278, 79.306667, 0.0
15.71439, 78.085281, 0.0
15.037, 77.553, 0.0
13.628333, 79.585556, 0.0
17.81427, 83.360467, 0.0
16.145226, 80.665309, 0.0
14.015, 79.124444, 0.0
14.035278, 77.436944, 0.0
14.696667, 76.990833, 0.0
14.06385, 77.004367, 0.0
16.1919, 80.2432, 0.0
17.799888, 83.360534, 0.25
15.561389, 79.018611, 0.0
17.565394, 82.69011, 0.0
15.549722, 79.420556, 0.0
16.749273, 81.374801, 0.0
16.225556, 81.205833, 0.0
15.3675, 77.826389, 0.0
17.763298, 81.357677, 0.0
15.995, 80.44, 0.0
17.989312, 83.33367, 0.0
17.440546, 81.777764, 0.0
14.958, 77.069, 0.0
18.40964, 83.90215, 3.0
14.160883, 77.023517, 0.0
15.944463, 80.548516, 0.0
18.503496, 83.832245, 0.0
17.744374, 83.224577, 0.0
16.628124, 80.121429, 0.0
16.692804, 80.201798, 0.0
17.705992, 83.148658, 0.0
15.095, 79.79, 0.0
14.344, 79.47052, 0.0
13.21889, 79.128753, 0.0
17.955, 83.423611, 0.0
17.592488, 81.229881, 0.0
15.218159, 79.907394, 0.0
15.01675, 79.13725, 0.0
13.87, 80.048, 0.0
15.117068, 77.648048, 0.0
13.831, 79.839, 0.0
16.945277, 82.250088, 0.0
18.016111, 83.468333, 0.0
18.607395, 83.527809, 0.0
16.583056, 81.286111, 0.0
16.295469, 79.57164, 0.0
16.471, 80.134, 0.0
16.86, 81.246944, 0.0
13.795556, 78.7475, 0.0
15.983944, 80.10952, 0.0
14.038483, 79.028267, 0.0
13.955508, 79.353546, 0.0
13.478611, 79.516944, 0.0
18.865155, 83.553551, 0.0
16.731667, 80.869722, 0.0
14.053267, 78.412087, 0.0
15.009204, 78.992004, 0.0
17.871111, 82.352222, 0.0
13.386783, 79.797142, 0.0
13.7184, 79.993, 0.0
15.151944, 78.355, 0.0
17.728363, 83.289037, 0.0
14.303981, 77.500153, 0.0
18.279209, 83.338999, 0.0
16.225197, 80.916824, 0.0
16.120317, 80.945954, 0.0
16.899658, 82.170082, 0.0
17.24805, 82.485331, 0.0
14.383552, 79.734886, 0.0
14.378, 80.124, 0.0
17.69095, 83.039078, 0.0
18.531111, 83.455, 0.0
17.00265, 82.0023, 0.0
16.281111, 79.653333, 0.0
14.880746, 79.30712, 0.0
15.522083, 80.014099, 0.0
14.05665, 78.157133, 0.0
14.519281, 79.568283, 0.0
17.753315, 83.247451, 0.0
16.659087, 81.187539, 0.0
13.843264, 77.709926, 0.0
16.1714, 80.2631, 0.0
16.953133, 82.169717, 0.0
13.840886, 77.105194, 0.0
15.909042, 77.395352, 0.0
17.733759, 83.275445, 1.0
17.407086, 82.718864, 0.0
14.0154, 79.061717, 0.0
17.703241, 82.999822, 0.0
16.01686, 79.46872, 0.0
18.114996, 83.135154, 0.0
14.833613, 79.581108, 0.0
13.361667, 79.388889, 0.0
15.028126, 78.047814, 0.0
18.363372, 82.510612, 0.0
14.15585, 79.01245, 0.0
16.510767, 81.157867, 0.0
15.427, 79.776, 0.0
16.461454, 80.017891, 0.0
15.620118, 77.274849, 0.0
16.618889, 81.740833, 0.0
15.325556, 78.018333, 0.0
14.643889, 77.359722, 0.0
14.917, 76.886, 0.0
15.033889, 78.339722, 0.0
14.452673, 78.830759, 0.25
17.809877, 83.205095, 0.25
14.264722, 80.035833, 0.13333333333333333
16.833712, 81.795936, 0.25
13.852894, 79.400558, 0.25
15.497014, 80.070312, 0.0
17.406944, 82.718611, 0.0
13.737778, 78.828889, 0.0
15.476267, 78.485848, 0.0
14.948, 79.365, 0.0
17.100187, 81.074558, 0.0
16.231346, 80.062582, 0.0
14.718748, 79.113861, 0.0
14.108632, 78.160591, 0.0
14.958212, 78.591992, 0.0
17.572554, 81.288631, 0.0
13.548583, 79.52507, 0.0
14.745449, 79.064751, 0.0
14.201111, 79.536944, 0.0
18.297269, 83.897385, 0.0
13.910992, 78.761886, 0.0
16.119791, 79.951461, 0.0
14.434443, 78.802229, 0.0
17.765662, 83.356998, 0.0
16.3474, 80.785, 0.0
17.808276, 83.210592, 0.0
14.689, 77.548, 0.0
15.455451, 80.047256, 0.0
14.015556, 80.118889, 0.0
15.820033, 78.048183, 0.0
18.350633, 84.00315, 0.0
14.130278, 79.0275, 0.0
16.065144, 80.012772, 0.0
16.085243, 79.722915, 0.0
16.691098, 81.709015, 0.0
17.413188, 82.726153, 0.0
18.590569, 84.05526, 0.0
14.367946, 78.461242, 0.0
18.282497, 83.538261, 0.0
16.888611, 81.494167, 0.0
16.046699, 80.681457, 0.0
12.900668, 78.483579, 0.0
13.547092, 78.516087, 0.0
15.027283, 77.09455, 0.0
14.069167, 79.228889, 0.0
13.61555, 79.409982, 0.0
16.28525, 80.751396, 0.0
17.689758, 83.007189, 0.0
14.092433, 77.024433, 0.0
14.680233, 79.049833, 0.0
15.584458, 79.869736, 0.0
15.005217, 77.072733, 0.0
17.211111, 81.133333, 0.0
14.0704, 77.138183, 0.0
16.193889, 81.003056, 0.0
15.226851, 79.399269, 0.0
15.035278, 78.545278, 0.0
15.248829, 80.023972, 0.0
17.460346, 82.93219, 0.0
18.021954, 82.550018, 0.0
15.282192, 77.901215, 0.0
17.783672, 81.289146, 0.0
15.80968, 77.226681, 0.0
13.717655, 77.491028, 0.0
14.031012, 80.041085, 0.0
13.636494, 78.62989, 0.0
17.688684, 83.225387, 0.0
14.164806, 77.812492, 0.12000000000000002
16.782222, 81.016667, 0.0
16.21533, 79.658699, 0.0
14.899444, 79.428889, 0.0
14.003889, 79.242222, 0.75
18.53767, 84.278145, 0.0
15.542778, 78.572778, 0.25
14.753889, 77.581111, 0.0
14.554722, 76.946389, 0.0
15.919167, 80.068889, 0.0
14.468948, 78.827148, 0.0
15.016, 78.16, 0.0
13.594831, 79.041565, 0.0
18.687032, 83.609462, 0.0
17.740099, 83.136976, 0.25
15.489217, 80.043841, 0.0
14.50006, 78.83516, 0.0
17.808605, 83.207809, 0.0
15.15, 77.513889, 0.0
15.550104, 80.064308, 1.0
15.454444, 79.069167, 0.0
13.434461, 78.692558, 0.5
14.825566, 77.593462, 0.0
14.562993, 78.801594, 0.0
14.913555, 79.993301, 0.0
14.006376, 77.626831, 0.0
14.87, 79.506, 0.0
16.11155, 79.1575, 0.0
15.012217, 76.838501, 0.0
18.924167, 83.615278, 0.0
17.2153, 81.635483, 0.0
15.142, 79.92, 0.0
18.487071, 83.508942, 0.0
13.084722, 79.186111, 0.0
14.089, 77.145917, 0.0
15.905257, 80.007217, 0.0
17.691869, 83.018674, 0.75
14.116396, 79.857086, 0.0
15.677771, 78.422432, 0.0
14.422881, 78.638903, 0.0
17.927341, 82.893639, 0.0
16.279419, 80.868584, 0.0
14.394819, 79.951643, 0.0
17.744048, 83.320942, 1.0
13.819569, 77.504868, 0.0
16.549772, 82.0961, 0.0
18.549193, 83.718435, 0.0
15.463889, 77.88, 0.0
14.720833, 78.269444, 0.0
16.100833, 81.050556, 0.0
15.684167, 78.179167, 0.0
14.0061, 77.105783, 0.12000000000000002
14.562673, 78.803772, 0.0
17.409719, 81.913918, 0.0
13.078956, 79.125069, 0.0
17.451389, 82.806389, 0.0
14.626, 76.788, 0.0
14.449996, 78.825643, 0.0
16.46361, 81.54681, 0.0
15.148233, 78.299141, 0.0
18.657396, 84.309868, 0.0
17.286221, 82.105515, 0.0
14.625446, 78.125857, 0.0
15.516009, 78.349842, 0.0
16.646324, 81.966088, 0.0
15.175, 79.818, 0.0
16.051207, 79.741699, 0.0
16.65927, 82.014351, 0.0
16.5043, 80.6704, 0.0
15.845, 80.385556, 0.0
13.181119, 79.096376, 0.0
13.909, 77.7, 0.0
18.448143, 83.657517, 0.0
14.646694, 77.358284, 0.0
15.819153, 77.670343, 0.0
16.938931, 80.789589, 0.0
18.416718, 84.04771, 0.0
15.717616, 78.574646, 0.0
17.7312, 83.3159, 0.0
13.640724, 79.513077, 0.0
13.795278, 79.085833, 0.0
15.638748, 77.474766, 0.0
16.952022, 81.256744, 0.0
15.664722, 78.318056, 0.0
14.607222, 79.319722, 0.0
14.571462, 80.066719, 0.0
15.131817, 78.67392, 0.0
16.755854, 80.642975, 0.0
15.902, 78.519, 0.0
15.172222, 79.178056, 0.0
14.476631, 78.822349, 0.0
18.141656, 83.296811, 0.0
13.886111, 77.225278, 0.0
13.182778, 78.839167, 0.0
13.231754, 79.185768, 0.0
13.939047, 77.277962, 0.0
15.64239, 79.13549, 0.0
16.006786, 81.034081, 0.0
13.496667, 79.998056, 0.0
16.76, 80.379, 0.0
14.875022, 78.576294, 0.0
16.9833, 80.2398, 0.0
16.06405, 80.088533, 0.0
16.5363, 80.6397, 0.25
16.894496, 80.141266, 0.0
14.684793, 79.505196, 0.0
17.43, 82.524722, 0.0
18.783056, 83.939167, 0.0
14.730313, 78.659317, 0.0
16.992032, 80.864899, 0.0
17.686815, 83.21848, 0.0
15.748, 79.502, 0.0
14.447636, 76.980232, 0.0
14.47, 79.49, 0.0
13.682778, 78.151667, 0.0
15.686118, 78.170144, 0.0
14.7425, 79.636389, 0.0
15.858, 77.179, 0.0
15.394367, 77.873489, 0.0
17.481842, 82.49054, 0.0
15.378964, 78.93042, 0.0
16.78084, 82.232688, 0.0
14.007778, 79.111944, 0.0
14.541667, 77.546944, 0.0
13.888208, 77.468201, 0.0
17.825432, 82.941056, 0.0
14.59091, 79.98871, 0.0
15.485, 77.239, 0.0
15.770556, 79.684167, 0.0
13.199938, 79.091609, 0.0
17.76831, 83.236299, 0.0
16.013333, 79.329444, 0.0
15.404444, 78.619444, 0.0
15.386667, 79.956389, 0.0
13.538056, 78.461944, 0.0
16.483315, 80.609276, 0.0
16.564722, 79.313056, 0.0
18.658744, 83.362369, 0.0
15.946944, 79.276944, 0.0
16.884444, 80.874722, 0.0
15.299875, 77.268036, 0.0
16.9425, 81.574167, 0.0
14.246944, 79.803333, 0.0
15.595485, 79.603889, 0.0
17.819468, 83.361534, 0.0
16.706207, 81.098452, 0.0
16.835833, 80.346111, 0.0
17.690905, 83.233265, 0.0
17.088467, 82.055983, 0.0
17.04385, 82.174031, 0.25
16.5357, 80.6154, 0.0
17.695194, 83.157181, 0.0
16.605828, 80.964784, 0.0
15.229592, 77.319626, 0.0
15.016667, 78.101111, 0.0
17.691153, 83.126232, 0.0
13.938056, 78.28, 0.0
16.6456, 80.8916, 0.0
17.096377, 81.544887, 0.0
14.486944, 77.463611, 0.0
16.410556, 80.085278, 0.0
14.138369, 79.20697, 0.0
13.952623, 80.066218, 0.0
16.084722, 80.116667, 0.0
16.208683, 79.911674, 0.0
16.012133, 79.1439, 0.0
15.617, 79.415, 0.0
15.688333, 79.179444, 0.0
15.539283, 80.067, 0.0
16.16036, 79.532952, 0.0
17.741819, 83.211384, 0.0
17.368709, 82.551019, 0.0
14.434241, 79.967072, 0.0
14.173889, 79.640556, 0.25
17.688491, 83.016471, 0.0
18.277, 83.476, 0.0
14.749167, 79.576111, 0.0
15.656, 80.018, 0.0
16.681389, 79.665, 0.0
15.263056, 79.751944, 0.0
17.557922, 81.177696, 0.0
14.016667, 79.805278, 0.0
15.455885, 78.156633, 0.0
17.06626, 80.98264, 0.0
15.172, 79.59, 0.0
13.210748, 79.38586, 0.0
15.446076, 80.159896, 0.0
13.63664, 79.422651, 0.0
16.1749, 80.2439, 0.0
16.543224, 80.140671, 0.0
17.893242, 83.453695, 0.0
14.370556, 77.182222, 0.0
14.7885, 78.2034, 0.0
16.393423, 80.153999, 0.0
16.43425, 81.703826, 0.0
14.7875, 77.934444, 0.0
13.385269, 78.820938, 0.0
15.889, 80.189, 0.0
13.100311, 79.124414, 0.0
15.487152, 77.04985, 0.0
13.860278, 78.337222, 0.0
15.469444, 77.968056, 0.0
15.469964, 80.064895, 0.0
14.410561, 77.729843, 0.0
14.306709, 79.263691, 0.0
13.1825, 78.642222, 0.0
14.853, 79.883, 0.0
18.979267, 84.47485, 0.0
13.6175, 79.403333, 0.0
17.707687, 83.304825, 0.0
15.950278, 80.967222, 0.0
17.767609, 83.248159, 0.0
13.774722, 78.479722, 0.0
14.002617, 77.0493, 0.0
14.935024, 79.595429, 0.0
17.703663, 83.154839, 0.0
16.66095, 82.190864, 0.0
15.35, 79.815, 0.0
14.104983, 78.1081, 0.0
16.8625, 81.152222, 0.0
13.782361, 77.058533, 0.0
13.816913, 79.949112, 0.0
18.168611, 83.358611, 0.0
15.615308, 78.05275, 0.0
14.695621, 78.073173, 0.0
17.915411, 82.818528, 0.25
19.1292, 84.6071, 0.0
17.667492, 83.201505, 0.0
16.765093, 81.843384, 0.0
18.661046, 83.269157, 0.0
16.361686, 80.845398, 0.25
15.825692, 78.029952, 0.25
14.309, 79.743, 0.0
16.1002, 80.1342, 0.5
16.182772, 80.800278, 0.0
15.086893, 79.7239, 0.0
17.800253, 83.347036, 0.0
14.504, 77.915, 0.0
14.126111, 79.134167, 0.0
17.013056, 81.413889, 0.0
15.4998, 80.0462, 0.0
12.871972, 78.407463, 0.0
13.944722, 77.345278, 0.0
15.456562, 80.049041, 0.0
18.895916, 83.46888, 0.0
17.890213, 83.19029, 0.0
17.193633, 82.318527, 0.0
16.072323, 78.87043, 0.0
15.229208, 77.572174, 0.0
13.931, 80.138, 0.0
14.471484, 80.110018, 0.0
14.040117, 78.006917, 0.0
18.413156, 83.47766, 0.0
16.413333, 80.653611, 0.0
14.348, 79.115, 0.0
13.364527, 78.425614, 0.0
16.861955, 81.930916, 0.0
15.903298, 80.469742, 0.0
15.435833, 79.396944, 0.0
13.448666, 79.117317, 0.0
17.670423, 83.206964, 0.0
15.770656, 79.684379, 0.0
18.407778, 83.908056, 0.0
17.762755, 83.205301, 0.25
18.907443, 83.815255, 0.0
13.409551, 79.441232, 0.0
14.296564, 80.089747, 0.3833333333333333
19.011838, 84.690702, 1.2
14.018611, 77.430556, 1.0
14.4788, 79.987569, 0.0
17.754167, 82.702222, 0.0
14.003429, 79.905311, 0.0
17.685565, 83.094007, 0.0
15.513214, 79.653786, 0.0
14.630278, 76.974722, 0.0
14.111, 78.005967, 0.0
15.162297, 79.729065, 0.0
16.726016, 81.417777, 0.0
16.418509, 81.109711, 0.0
16.951792, 80.988877, 0.0
17.008995, 81.191804, 0.0
14.462861, 79.983443, 0.0
14.007778, 77.608611, 0.0
16.569853, 79.867409, 0.0
13.601814, 78.854774, 0.0
16.238333, 80.54, 0.0
14.742721, 79.972099, 0.0
18.942095, 84.58336, 0.0
13.850833, 79.679722, 0.0
17.639, 82.8, 0.0
14.170479, 79.767731, 0.0
14.000667, 77.046617, 0.0
15.341667, 78.606389, 0.0
15.559831, 78.943924, 0.0
15.025, 80.038, 0.0
16.677378, 80.574969, 0.0
16.806111, 81.326111, 0.15000000000000002
17.617241, 82.723534, 0.0
15.422221, 77.680464, 0.0
17.229561, 82.194999, 0.0
14.398611, 79.968611, 0.0
14.484539, 78.828794, 0.0
17.91492, 82.81529, 0.0
14.317, 77.876, 0.0
18.254159, 83.833385, 0.0
16.2012, 80.2917, 0.0
15.863326, 78.385284, 0.0
18.365668, 83.454076, 0.0
15.233811, 77.740541, 0.0
16.811022, 81.532669, 0.0
15.653, 77.847, 0.0
17.74304, 83.338731, 0.25
16.1927, 80.054, 0.0
18.21, 83.546, 0.0
16.32764, 80.628045, 0.0
16.164717, 80.055633, 0.0
16.965236, 82.322201, 0.0
17.204678, 81.320369, 0.0
15.11515, 78.1323, 0.0
15.862222, 78.0175, 0.0
14.459211, 78.782473, 0.0
15.651518, 79.489662, 0.0
15.016944, 79.054722, 0.0
17.570231, 83.144448, 0.0
14.145566, 80.033386, 0.0
16.536659, 81.625023, 0.0
15.871111, 77.301944, 0.0
16.524167, 80.053298, 0.0
19.113824, 84.685615, 0.0
16.576101, 80.357393, 0.0
14.21, 79.84, 0.0
17.799641, 83.222378, 0.0
15.754444, 77.905833, 0.0
15.180258, 79.28183, 0.0
17.689079, 83.05918, 0.0
16.4745, 80.74334, 0.0
13.549167, 78.908333, 0.0
16.3875, 81.518611, 0.0
15.447338, 80.166686, 0.0
15.3575, 77.066944, 0.0
13.95436, 78.751872, 0.0
15.076467, 77.121583, 0.0
18.493377, 83.276084, 0.0
17.421533, 82.79805, 0.0
18.478622, 83.113719, 0.0
15.200278, 79.589444, 0.0
16.975052, 82.228932, 0.0
18.60793, 84.236383, 0.0
17.636306, 82.996544, 0.0
16.070583, 79.034433, 0.0
17.819837, 83.356907, 0.0
13.968, 78.396, 0.0
17.701, 83.122, 0.0
16.059304, 80.551073, 0.0
13.306667, 78.920278, 0.0
16.5921, 80.5258, 0.0
17.890417, 83.452076, 0.0
14.417394, 79.956994, 0.0
17.086041, 82.319695, 0.13333333333333333
14.964658, 78.591489, 0.0
15.419, 79.123, 0.0
16.732222, 80.986111, 0.0
16.945385, 81.405079, 0.0
17.0833, 81.988853, 0.0
15.811662, 79.222839, 0.0
13.342856, 79.095466, 0.0
13.213332, 79.115842, 0.0
14.677505, 77.601648, 0.0
16.8712, 80.7334, 0.0
18.084722, 83.6125, 0.0
17.822754, 83.205372, 0.0
14.517778, 78.6, 0.25
14.159417, 78.01585, 0.0
16.1715, 80.2735, 0.0
15.8168, 78.115933, 0.0
17.320911, 81.652536, 0.0
16.536, 80.5942, 0.25
15.068333, 79.289444, 0.0
15.355116, 78.418898, 0.0
15.01635, 77.073217, 0.0
17.780376, 83.226149, 0.25
13.781266, 78.589195, 0.2
15.168, 77.582, 0.0
14.951, 79.49, 0.0
14.798333, 78.101111, 0.0
14.091135, 77.432014, 0.0
15.338733, 80.042023, 0.0
16.471027, 79.439064, 0.0
14.513611, 78.874444, 0.0
15.228333, 78.990556, 0.0
15.817, 77.319, 0.0
13.886838, 78.023643, 0.0
14.07, 79.991, 0.0
14.809, 76.912, 0.0
16.821048, 81.461965, 0.0
17.781316, 83.363916, 0.0
16.669811, 81.013252, 0.0
16.401111, 80.730278, 0.0
15.912854, 79.372818, 0.0
15.011, 77.324, 0.0
16.090724, 80.171536, 3.0
18.372059, 84.103948, 0.0
16.1755, 80.255, 0.0
14.939297, 77.134323, 0.0
17.94, 83.216389, 0.0
16.751047, 81.741478, 0.0
18.28412, 82.589722, 0.0
16.029167, 79.945305, 0.0
18.33527, 84.123543, 0.0
17.790405, 83.352833, 0.0
14.568203, 79.407738, 0.0
13.134722, 78.913889, 0.0
13.532054, 79.73996, 0.0
17.687742, 83.072683, 0.0
15.160833, 79.084167, 0.0
13.827323, 78.790375, 0.0
13.399356, 79.742752, 0.0
15.857112, 78.264089, 0.0
15.042417, 77.147433, 0.0
15.729517, 80.245333, 0.0
14.196803, 77.80294, 0.0
14.124444, 80.011944, 0.0
16.3625, 81.650833, 0.0
16.608889, 80.468611, 0.0
15.459896, 79.408752, 0.0
15.539583, 80.068229, 0.0
14.327575, 79.92447, 0.0
16.5136, 80.8916, 0.0
15.908267, 80.670883, 0.0
16.655833, 80.279167, 0.0
15.691833, 80.242813, 0.0
17.74158, 83.344106, 0.0
17.25211, 81.664761, 0.0
16.712369, 81.548729, 0.0
14.838056, 78.134444, 0.0
16.57831, 82.009086, 0.0
16.157854, 80.585404, 0.0
17.019863, 81.807068, 0.25
15.052222, 78.209167, 0.0
13.962222, 79.276667, 0.0
16.913172, 80.670792, 0.0
16.028883, 80.006867, 0.0
16.981581, 82.24339, 0.0
16.925055, 82.039265, 0.0
14.302, 78.125, 0.0
15.319682, 78.223281, 0.0
16.341, 81.131, 0.0
18.3306, 84.06255, 0.0
13.648589, 79.087372, 0.0
15.846, 79.67, 0.0
15.393191, 77.228012, 0.0
15.160017, 79.0069, 0.0
16.345211, 80.300636, 0.0
15.517078, 77.240998, 0.0
14.96089, 78.486504, 0.0
15.619312, 80.021889, 0.0
15.931389, 78.271111, 0.0
16.05, 79.0515, 0.0
15.852673, 77.484706, 0.0
15.209065, 78.119699, 0.0
14.389857, 80.085681, 0.0
16.322445, 80.102699, 0.0
16.0093, 79.154733, 0.0
13.819569, 77.504868, 0.0
14.146857, 79.850349, 0.0
16.425043, 80.956619, 0.0
13.503056, 79.386111, 0.0
13.668457, 79.514061, 0.0
14.929112, 78.227341, 0.0
17.883056, 82.967222, 0.0
15.456, 79.703, 0.0
13.326667, 79.035278, 0.0
14.234514, 78.101909, 0.0
17.730295, 83.340129, 0.0
15.907881, 79.096595, 0.0
14.376, 76.948, 0.0
15.802757, 78.035572, 0.0
16.064919, 80.928284, 0.0
14.656, 79.556, 0.0
15.547444, 79.943679, 0.0
17.051483, 82.087633, 0.0
15.835024, 78.031001, 0.0
13.650517, 79.45282, 0.0
15.452058, 78.14661, 0.0
14.018333, 76.998611, 0.0
16.777778, 81.624722, 0.0
14.72235, 79.019067, 0.0
17.672839, 83.182713, 0.0
17.696715, 83.168779, 0.0
14.581017, 78.6714, 0.0
16.785673, 81.886597, 0.0
13.82, 79.715, 0.0
15.012183, 78.00965, 0.0
15.01656, 77.618012, 0.0
16.590117, 81.893257, 0.0
15.318529, 78.228113, 0.0
16.426389, 81.202778, 0.0
14.188056, 77.637222, 0.0
15.868611, 77.812778, 0.0
16.158833, 80.059233, 0.0
14.997134, 76.982727, 0.0
15.906, 79.972, 0.0
14.878061, 78.979477, 0.0
16.526667, 79.752222, 0.0
17.300556, 82.211389, 0.0
15.143583, 78.043083, 0.0
13.217042, 79.106794, 0.0
16.232248, 80.662409, 0.0
15.476111, 78.564444, 0.0
17.3029, 81.689917, 0.0
16.433483, 80.768967, 0.0
16.0511, 80.095, 0.0
15.676296, 78.962509, 0.0
15.0494, 78.012333, 0.0
17.739074, 83.30069, 0.0
13.642643, 78.803085, 0.0
14.490278, 77.629722, 2.25
18.196768, 83.709434, 0.0
15.51, 80.029617, 0.0
18.241237, 83.348854, 0.0
15.857736, 78.267433, 0.0
14.0041, 78.106383, 0.16666666666666666
14.0604, 77.012583, 0.0
14.434443, 78.802229, 0.0
14.616868, 77.60788, 0.0
14.335, 77.587, 0.0
14.095966, 78.271627, 0.0
14.727295, 78.732349, 0.0
15.944633, 77.432367, 0.0
13.868005, 78.404816, 0.5
13.316111, 79.715, 0.0
16.461667, 81.196111, 0.0
17.015556, 80.715, 0.0
14.003083, 77.14205, 0.0
15.257778, 79.315833, 0.0
14.994167, 79.422081, 0.0
15.858504, 77.244194, 0.0
17.711747, 83.205277, 0.0
14.34416, 77.234558, 0.0
15.445, 80.009, 0.0
17.760274, 83.197991, 0.0
15.410722, 79.859451, 0.0
15.825424, 80.192177, 0.0
13.526389, 79.0675, 0.0
14.057511, 78.754219, 0.0
13.553101, 78.505733, 0.0
13.198834, 79.387013, 0.0
18.150235, 82.69828, 0.0
15.77, 77.421111, 0.0
15.031, 79.589, 0.0
15.263611, 79.912778, 0.0
17.874266, 83.35556, 0.0
14.729009, 77.432594, 0.0
15.557778, 79.534167, 0.0
15.395263, 77.504059, 0.0
13.333833, 79.873017, 0.0
15.835984, 79.487732, 0.0
16.5068, 80.6765, 0.0
14.196111, 78.011389, 0.0
17.775741, 83.223066, 0.0
16.990273, 81.670145, 0.0
13.123896, 79.035828, 0.0
14.071389, 79.0275, 0.0
15.538776, 77.551377, 0.25
14.268, 77.8, 0.0
18.783799, 83.426977, 0.0
13.521667, 78.558333, 0.0
15.455, 79.253, 0.0
18.405, 83.933056, 0.0
14.549983, 77.115631, 0.0
16.9949, 80.522591, 0.25
13.865556, 78.877778, 0.0
15.488124, 80.084274, 0.0
14.563843, 76.869873, 0.0
13.985747, 77.772164, 0.0
17.694486, 83.139303, 0.0
15.64, 77.543, 0.0
17.686233, 82.996693, 0.0
14.694362, 79.67638, 0.0
14.047683, 78.137367, 0.0
18.023119, 83.085823, 0.0
14.458, 79.733, 0.0
13.932778, 79.966111, 0.0
17.781775, 83.359849, 0.0
16.788541, 81.699493, 0.0
13.918848, 78.195343, 0.0
17.665969, 81.38253, 0.0
17.637898, 83.114143, 0.0
15.397011, 77.500146, 0.0
14.068056, 78.754722, 0.0
14.406667, 78.960833, 0.0
15.406, 79.315, 0.0
17.42303, 83.12209, 0.0
15.6055, 79.617164, 0.0
14.038033, 77.123933, 0.0
18.050601, 83.102726, 0.0
15.150833, 79.444167, 0.0
16.440278, 79.646944, 0.0
18.467937, 83.781853, 0.2
13.191667, 79.266944, 0.0
16.116694, 80.663071, 0.0
13.548673, 79.420845, 0.0
16.43054, 80.569168, 0.0
14.77, 77.335, 0.0
14.556389, 77.642778, 0.0
15.326667, 78.189444, 0.0
14.011317, 78.0318, 0.0
14.101111, 78.948333, 0.0
14.198731, 79.873108, 0.0
12.821389, 78.371667, 0.0
18.617588, 83.608388, 0.0
14.514704, 77.771118, 0.0
16.991658, 81.776692, 0.0
15.012, 79.323, 0.0
16.834874, 82.029587, 0.0
16.3, 79.939722, 0.0
14.203, 79.958, 0.0
18.349567, 83.756278, 0.0
17.086833, 82.147133, 0.0
15.819234, 80.085785, 0.0
18.125005, 83.175261, 0.0
14.108632, 78.160591, 0.0
13.844, 77.016, 0.0
16.959534, 82.048973, 0.0
15.283611, 78.348889, 0.0
14.946053, 79.247288, 0.0
